0,1
45,3
17,0
30,63
28,4
7,12
16,13
12,5
22,16
25,3
181,153
19,19
56,45
18,14
26,3
64,53
45,62
35,44
35,48
54,54
8,9
9,10
30,29
23,32
38,0
39,25
35,44
17,0
1,23
16,1
17,13
91,74
27,12
22,13
5,11
3,15
5,15
0,17
74,1
10,6
9,9
23,12
98,30
14,4
28,15
0,21
0,20
20,4
20,1
31,40
19,27
16,2
23,17
38,1
38,0
49,36
15,3
27,2
23,17
8,11
14,3
18,7
73,55
12,14
76,10
9,13
5,12
6,18
15,13
8,10
15,9
40,18
1,23
18,11
41,24
10,11
5,13
12,5
11,8
8,9
4,12
21,13
10,8
44,28
15,18
0,86
0,67
10,14
63,16
16,1
5,149
36,14
9,9
6,28
0,26
35,6
26,0
70,29
23,7
0,16
0,16
9,21
21,6
8,8
7,11
50,85
211,206
57,10
37,52
12,5
41,25
112,68
17,6
19,0
1,31
81,48
20,13
36,29
17,15
109,26
26,6
23,5
31,26
21,14
21,16
18,15
8,8
13,7
17,3
112,74
22,18
24,5
137,55
162,134
15,12
16,19
14,8
12,7
165,76
27,6
32,10
94,65
462,327
13,9
12,7
19,12
14,14
19,6
70,93
43,34
17,13
23,32
9,12
18,11
21,8
124,32
47,24
12,4
38,35
47,60
63,78
0,52
25,20
96,56
18,8
28,19
28,7
21,21
22,20
11,25
104,113
21,13
20,15
13,6
14,5
180,102
62,66
19,10
49,22
0,302
0,20
43,5
12,22
65,33
76,3
18,1
18,13
18,5
38,10
0,24
33,6
20,0
30,2
293,54
21,2
14,3
36,5
46,74
16,4
27,43
45,32
77,57
22,16
28,22
20,16
7,12
11,16
142,14
36,0
36,0
14,24
17,5
91,26
24,3
23,6
35,8
150,143
51,21
12,4
31,2
32,5
47,6
0,27
670,985
0,169
11,10
0,169
17,0
272,317
17,1
1,1514
0,16
0,54
0,24
0,18
1,96
0,18
0,23
0,22
11,7
30,36
18,0
54,1
21,0
22,5
16,59
29,26
0,65
17,13
80,99
44,39
20,42
14,11
25,17
16,10
22,8
50,19
21,0
85,101
10,13
9,11
18,10
26,13
69,62
12,17
50,53
21,27
0,50
29,45
12,5
13,10
24,6
15,12
76,39
21,15
50,35
70,54
35,10
15,14
61,31
27,3
8,10
18,12
71,62
34,50
16,17
0,126
52,13
12,4
18,6
88,269
0,25
157,2
13,13
51,32
115,86
12,18
28,24
13,5
51,35
29,42
16,2
6,94
5,27
6,11
14,142
11,6
6,12
10,10
10,17
15,11
9,14
8,8
19,20
24,23
60,74
33,33
38,7
15,21
8,16
75,64
17,7
0,47
16,3
71,56
103,84
85,78
59,46
39,27
11,8
59,50
22,13
3,29
13,5
17,9
24,2
32,0
35,0
18,0
64,51
12,20
28,36
16,9
25,17
14,15
1,38
76,195
0,22
1,53
0,25
17,11
13,11
57,52
12,10
12,6
54,29
28,7
85,42
29,22
9,8
15,9
3,13
39,8
19,6
6,170
2,169
13,6
82,36
42,24
34,16
2,115
63,53
236,213
24,0
72,87
57,14
13,8
30,5
52,62
0,40
87,41
30,31
13,4
13,4
426,349
0,83
21,18
19,26
15,3
23,14
15,11
2,15
60,0
105,0
41,0
44,96
0,37
20,0
5,18
20,5
16,14
1,50
15,3
13,4
52,8
30,0
35,39
34,100
154,105
120,0
41,42
135,150
23,11
33,0
20,7
1,84
0,40
0,21
193,356
0,26
8,11
0,74
22,18
45,14
1,20
1,34
66,7
26,0
19,0
20,15
19,2
23,61
10,11
65,41
14,7
20,0
35,24
60,79
96,64
7,18
28,9
39,35
17,14
192,186
20,26
21,1
18,17
33,286
0,62
17,4
17,2
21,0
0,17
0,17
560,453
9,11
29,5
15,13
22,6
26,52
11,19
22,0
14,7
58,5
19,0
7,21
9,35
474,403
0,25
25,0
224,206
10,12
24,15
36,28
49,59
28,15
13,5
46,6
15,1
14,4
1,21
16,5
38,5
28,0
19,28
21,27
370,221
9,11
27,3
143,71
16,7
6,63
19,16
19,9
8,12
1,79
17,11
15,18
15,3
6,16
36,2
31,0
50,31
0,21
23,37
24,18
11,6
48,3
44,3
42,76
10,6
0,17
48,18
16,3
0,90
0,64
106,46
49,0
20,7
23,0
14,18
20,26
28,5
17,8
160,369
3,16
3,17
3,14
35,87
3,21
21,19
521,0
20,0
23,0
60,52
38,67
10,19
38,30
29,10
9,8
26,0
29,29
7,99
2,68
49,21
61,67
0,18
94,20
10,9
24,20
15,6
101,55
12,6
41,15
10,13
7,14
8,12
30,0
18,0
244,25
32,0
21,15
17,14
128,0
20,13
42,27
87,122
0,23
29,30
38,35
26,7
25,2
27,19
38,15
61,81
77,76
16,6
25,22
13,8
59,13
28,7
11,6
65,68
45,72
51,35
51,42
9,11
13,14
60,0
10,13
15,7
29,16
14,6
25,16
48,71
14,18
0,17
24,2
12,13
41,2
9,12
1,44
0,18
19,1
126,124
26,22
24,15
232,190
23,21
50,33
9,13
11,27
20,2
21,2
12,7
29,77
257,469
0,22
11,14
7,11
0,17
8,9
57,19
12,15
42,0
716,83
16,0
45,1
23,0
49,0
18,0
17,0
21,2
18,32
18,24
22,3
9,8
49,31
57,0
158,0
117,0
7,15
156,121
9,10
56,12
12,9
12,4
1,21
20,22
30,24
10,8
22,17
143,70
0,21
203,53
14,3
19,11
24,21
12,6
26,7
25,23
10,7
32,33
75,92
30,36
21,15
13,15
18,4
162,0
59,0
7,11
15,22
15,19
10,14
24,21
162,7
10,6
49,0
83,78
63,31
22,47
31,5
20,1
34,8
98,0
20,22
112,74
13,86
219,182
17,13
88,56
42,0
30,14
54,23
13,27
8,33
1116,874
15,18
41,17
18,4
15,15
21,24
14,9
17,30
155,138
37,21
14,31
20,10
30,18
67,48
10,10
9,10
21,3
63,0
13,7
15,2
15,9
1,17
0,58
2,23
69,3
22,0
139,171
26,20
25,31
9,7
7,28
70,86
16,11
0,18
46,58
12,6
2,15
38,22
9,101
14,5
0,20
14,5
33,75
24,61
13,13
0,61
10,32
8,20
4,13
25,35
0,26
7,12
0,21
16,13
73,53
20,0
29,31
13,28
44,7
58,12
25,20
11,7
0,34
10,12
168,72
22,1
63,34
26,8
89,70
97,57
27,5
12,5
26,4
28,34
15,6
15,1
33,0
21,0
28,2015
0,31
0,39
0,16
0,72
0,426
4,641
2,249
1,92
1,17
116,66
13,15
30,14
21,21
16,3
14,6
15,14
18,24
0,19
15,16
22,0
33,40
16,1
0,20
24,2
13,4
22,6
52,26
18,2
14,10
4,12
35,27
39,8
26,5
42,1
34,76
22,23
66,72
15,8
21,15
433,393
11,9
7,13
19,3
57,12
18,10
83,268
10,21
0,21
12,67
146,120
198,40
126,102
18,3
2,114
0,24
106,78
26,7
308,34
10,6
11,9
23,12
1,43
64,52
16,13
33,9
23,0
65,61
20,42
21,14
60,33
24,19
12,8
15,9
10,9
15,11
16,5
35,17
75,82
22,17
164,135
15,9
31,22
14,7
118,14
99,71
21,7
14,16
29,24
22,5
15,2
15,32
75,61
5,13
6,17
64,59
18,17
10,19
31,32
34,63
6,10
22,7
12,8
10,10
26,8
61,55
80,40
50,44
21,16
16,6
26,5
39,14
56,42
16,6
12,5
204,28
12,9
82,137
58,33
15,9
73,55
28,15
31,19
13,3
64,34
28,0
41,9
120,85
14,7
16,19
25,2
61,28
17,2
17,16
30,15
11,11
199,217
37,30
0,24
68,50
21,17
50,43
12,9
13,22
3,28
0,119
0,35
10,10
5,13
36,40
31,17
9,8
210,115
15,4
18,111
17,1
35,79
0,38
21,7
10,12
53,17
121,55
209,117
18,2
1,19
38,39
19,15
28,17
20,17
0,30
42,9
18,18
16,3
8,11
81,41
77,68
79,90
21,11
33,35
14,12
35,40
9,8
35,26
56,23
47,35
18,17
41,10
686,39
18,0
51,2
14,9
26,21
13,18
10,9
17,20
10,8
20,8
38,28
28,10
10,7
18,6
11,27
9,8
99,0
14,11
13,70
0,377
58,2
13,11
21,5
136,23
16,3
14,7
30,2
20,6
122,106
73,46
116,54
21,8
9,28
67,138
25,5
14,17
10,10
5,19
0,30
109,62
13,7
23,20
20,7
38,0
71,29
25,26
31,26
81,554
0,18
0,29
0,21
30,12
58,32
0,579
0,23
0,116
0,39
0,19
0,42
0,236
448,10
83,31
19,6
36,47
4,54
2,51
21,3
5,22
169,0
385,220
10,7
37,25
20,1
104,116
16,4
99,71
24,10
10,10
29,0
24,11
176,373
8,132
0,17
0,21
25,21
41,22
14,5
35,43
37,40
151,104
23,14
27,26
105,41
15,4
270,2
150,0
34,7
198,45
152,10
15,25
28,9
23,77
10,47
20,21
27,16
79,1
17,4
103,84
18,4
29,10
12,14
22,35
8,21
86,47
48,0
13,10
5,12
11,12
20,0
23,9
16,7
20,8
21,4
28,19
27,17
25,13
13,29
20,20
20,11
13,14
130,62
32,11
24,23
14,16
12,7
98,82
7,10
11,76
64,71
78,84
4,84
2,15
17,31
21,39
13,9
20,4
12,7
14,6
23,17
52,25
15,15
92,48
61,19
63,71
27,2
910,848
16,1
10,7
13,8
17,16
13,11
17,4
0,19
11,6
8,11
655,487
9,8
11,11
8,10
37,38
48,36
10,15
17,1
19,14
17,11
25,18
21,34
98,98
60,98
17,20
74,46
412,304
26,14
45,31
23,3
16,10
24,1
21,1
25,4
32,22
22,19
48,39
77,3
52,24
36,49
9,10
66,1
33,23
10,12
13,14
37,34
24,9
18,5
30,5
15,1
26,2
0,21
69,1
24,43
3,20
26,11
41,34
10,9
596,6
64,0
40,0
58,27
29,8
27,13
121,65
13,4
29,0
16,0
38,29
15,8
11,456
1,35
27,10
23,17
18,10
11,7
12,7
14,11
16,9
34,2
12,10
237,22
681,587
19,25
59,80
17,13
17,28
4,13
18,8
13,14
34,26
406,351
14,7
7,14
18,18
17,16
11,9
11,26
11,25
12,10
12,6
9,19
23,12
219,161
179,0
60,0
1150,925
14,10
32,24
12,8
11,17
173,158
78,73
10,7
11,9
8,9
16,9
40,36
20,11
121,93
22,20
54,54
11,10
25,12
13,3
101,71
18,19
0,202
9,16
19,2
17,0
60,23
36,30
44,40
19,14
24,19
140,31
20,0
11,6
49,14
34,9
35,24
14,16
9,10
20,4
45,21
22,4
8,9
45,10
9,7
95,25
26,6
1,18
11,9
1,98
0,16
1,89
31,1
45,22
24,17
12,9
35,12
17,9
1476,0
41,0
77,0
30,0
32,0
69,0
68,0
54,0
51,29
2,134
0,16
175,0
19,2
40,43
16,12
44,11
32,14
20,39
0,29
39,36
31,14
21,18
15,3
19,3
18,0
17,4
17,0
17,4
16,2
16,2
15,4
15,4
19,9
14,5
13,10
14,4
12,6
0,29
22,4
62,35
141,48
15,1
9,10
327,47
24,21
82,65
33,7
31,6
58,58
17,8
18,2
15,7
7,25
14,5
50,45
74,40
18,11
15,38
2,17
114,65
21,10
24,6
32,35
36,9
16,0
9,8
27,0
57,25
13,13
17,10
11,8
24,6
46,0
32,0
15,6
60,63
83,56
16,15
11,6
17,14
6,150
15,2
110,560
1,85
52,6
24,4
57,23
24,5
504,432
24,12
24,8
72,80
22,9
102,100
12,10
0,47
14,8
105,57
50,38
12,8
9,7
15,9
24,17
55,8
60,6
54,23
14,8
149,123
3,14
31,18
119,75
66,16
9,7
104,0
209,0
22,17
20,18
1238,2
18,0
32,0
34,11
15,12
212,172
15,10
59,33
21,10
27,13
20,8
12,13
47,60
16,33
3138,878
12,7
17,0
1,20
15,2
23,3
34,0
17,0
30,16
19,1
16,4
16,4
1,25
0,36
0,22
0,25
54,11
59,5
17,3
6,15
19,0
34,2
52,8
29,1
50,2
23,4
19,2
46,0
26,0
34,0
17,11
272,45
49,1
20,19
13,4
22,0
7,12
10,16
161,160
9,10
25,11
0,54
33,85
6,15
7,27
0,16
209,121
13,11
7,19
24,22
53,40
13,10
52,38
6,12
33,7
18,0
28,5
17,75
14,2
172,106
25,10
10,12
97,72
39,24
20,25
113,152
29,3
15,3
24,2
0,17
2,30
30,6
45,38
126,70
14,6
160,125
13,7
28,12
17,2
28,13
24,9
86,74
16,5
45,22
9,8
31,19
5,11
13,17
13,7
12,8
0,34
4,18
78,52
34,25
41,25
23,18
44,35
9,22
16,41
7,25
19,2
5,12
71,36
15,12
13,4
60,26
27,7
17,14
134,106
31,13
14,7
13,10
98,86
50,34
14,23
28,29
74,61
14,5
59,5
57,26
26,21
39,10
18,19
15,8
13,19
17,18
7,11
50,33
28,8
65,42
92,82
23,15
0,100
53,0
188,112
19,5
23,16
11,9
9,13
196,176
41,50
35,14
15,18
35,53
8,11
17,9
23,40
63,31
34,17
32,8
36,19
1,53
87,131
0,17
22,6
11,124
0,83
25,20
20,6
54,32
132,134
32,13
570,516
4,16
5,17
47,0
10,7
24,17
10,13
14,7
96,66
41,24
17,6
68,73
61,24
23,23
428,242
8,20
8,8
2,17
26,0
3,15
17,0
36,10
13,11
49,38
35,7
19,54
119,210
26,15
16,8
351,235
27,24
25,1
16,1
24,31
17,0
12,12
128,97
19,10
13,17
62,76
6,12
6,12
64,41
29,5
34,12
20,5
744,47
12,17
25,20
664,519
27,29
250,207
19,14
121,108
9,7
30,50
10,7
35,21
221,165
68,54
85,46
12,10
139,0
0,96
144,29
2,15
86,31
22,6
57,24
134,327
6,13
19,96
5,15
49,143
0,16
80,102
51,29
48,12
25,28
20,12
235,478
13,7
58,105
2,70
154,156
8,14
11,9
36,0
1,17
11,7
7,11
95,31
246,162
11,8
49,6
67,41
85,60
16,13
58,47
253,151
0,19
16,12
29,0
38,23
35,17
0,239
0,17
13,6
18,14
6,11
1,16
0,19
79,60
23,9
38,44
19,10
16,4
16,12
4,13
11,17
21,37
15,17
33,40
21,30
12,15
201,120
0,26
20,15
15,16
7,10
14,19
14,10
18,10
42,31
27,28
21,1
91,61
42,41
14,13
15,6
30,7
12,5
85,63
36,25
71,55
22,13
12,6
56,15
7,15
17,15
18,16
102,1437
2,111
0,59
0,62
0,19
0,21
0,31
0,85
0,22
0,32
0,65
46,37
4,13
4,12
9,9
61,19
28,11
50,26
18,5
22,18
56,24
28,15
102,95
44,181
0,70
2,99
14,14
21,3
20,10
111,57
17,40
30,3
10,9
2,18
30,0
39,20
204,157
17,4
94,117
24,27
16,2
18,7
31,19
188,166
31,10
39,42
32,7
54,1
12,6
49,28
44,28
43,47
226,167
16,5
11,8
11,9
121,27
15,3
355,123
12,7
17,0
13,15
12,9
25,108
165,464
16,0
0,30
2,15
1,15
84,23
4,26
0,20
254,527
10,19
10,15
3,23
24,60
29,20
22,0
16,30
152,0
11,10
31,0
20,1
12,5
111,82
23,6
12,5
15,7
15,11
38,2
35,3
91,1
42,0
124,159
0,19
41,29
208,35
31,4
17,4
18,4
24,10
14,9
18,10
18,10
37,32
0,47
86,0
26,150
2,104
27,0
25,0
12,8
15,4
242,181
7,13
3,20
13,106
29,23
22,14
67,35
31,19
169,117
73,52
55,26
16,19
20,10
28,6
19,29
105,26
13,4
642,382
2,17
12,7
34,32
0,20
17,5
0,165
111,76
69,73
886,707
10,13
31,3
10,13
19,13
13,10
26,11
4,15
1,19
13,7
7,19
12,10
34,8
20,0
12,6
10,8
14,10
16,4
53,28
646,407
20,10
21,13
31,18
69,46
58,44
24,0
17,15
9,8
16,46
9,16
12,9
30,20
7,9
11,5
19,10
22,16
9,23
526,347
18,10
27,0
7,9
7,14
24,20
48,38
18,31
7,11
0,16
55,48
57,57
10,7
28,42
0,66
46,105
68,97
34,37
39,40
19,32
11,10
18,9
264,175
21,18
16,0
19,81
15,5
145,63
21,12
31,4
61,35
11,6
45,0
22,0
22,18
1,16
0,22
345,293
32,59
64,80
57,0
44,20
16,10
46,10
156,80
28,6
17,5
0,28
0,28
0,18
2,286
0,17
1,69
179,155
20,1
13,13
43,20
11,14
17,14
16,7
19,7
133,112
221,193
42,36
103,73
113,68
223,112
33,8
19,19
12,6
4,12
85,6
46,0
14,10
46,32
198,243
77,60
5,12
17,16
13,23
163,119
6,13
54,30
21,14
323,228
0,47
0,20
21,3
171,122
15,4
13,9
15,8
5,25
8,26
14,7
136,161
7,11
156,159
47,38
5,11
100,34
10,9
24,30
31,38
0,16
29,8
15,14
4,15
35,21
120,65
63,75
31,6
2,81
343,397
7,12
42,50
14,8
23,22
55,108
9,22
10,8
105,144
9,23
0,46
68,62
16,33
19,27
13,30
143,101
3,23
0,22
34,23
25,11
17,8
47,26
45,12
13,5
0,17
12,12
17,4
147,66
99,63
11,7
79,55
19,24
2,24
58,46
18,6
5,14
100,1
55,23
25,0
27,0
39,13
18,1
183,59
12,12
47,31
120,92
8,9
49,24
9,10
28,9
223,340
10,6
12,6
32,27
56,59
28,30
32,23
56,4
19,2
46,29
0,43
77,49
19,7
56,27
44,8
1483,1179
3,20
24,4
21,1
317,73
18,7
39,0
16,8
45,493
0,169
17,0
279,0
0,31
16,0
11,10
18,1
64,82
141,122
98,111
13,11
7,16
27,0
19,8
406,97
112,9
33,3
48,13
30,7
19,30
9,12
9,82
2,16
1,23
39,15
27,7
0,28
0,39
7,16
0,58
16,6
4,14
19,7
16,0
23,13
15,22
336,391
56,16
29,33
15,21
18,17
15,9
25,53
29,17
25,10
15,8
44,71
21,64
47,91
60,45
24,3
14,8
141,94
45,15
342,74
75,17
78,60
11,12
41,55
50,19
5,131
16,10
132,136
8,16
34,23
24,7
29,17
22,9
16,16
22,12
13,4
27,5
42,46
45,31
15,14
79,76
10,12
12,12
11,8
8,14
43,27
35,43
5,28
52,26
12,12
15,1
38,8
27,18
20,20
46,27
81,52
7,11
20,10
28,14
18,11
39,18
33,0
15,14
14,9
2,25
17,20
6,12
43,47
34,18
19,16
38,26
29,16
38,26
8,8
15,14
202,153
12,6
50,1
29,12
21,10
29,20
19,12
15,10
17,15
13,10
14,13
22,6
14,5
35,12
117,82
316,184
15,5
12,10
29,12
38,31
13,13
19,6
46,19
18,0
13,5
14,5
47,6
13,28
64,61
12,11
28,25
15,28
21,9
12,6
10,9
8,9
12,8
50,35
12,7
19,11
23,8
4,12
11,5
11,6
334,203
13,7
11,21
153,87
30,12
20,12
13,8
33,46
22,21
1,42
2,39
34,3
0,19
99,0
115,8
0,31
39,10
304,0
0,54
0,25
9,9
2,119
1,59
44,2
42,0
2,2002
0,17
0,42
0,42
0,22
0,35
0,17
0,24
0,52
0,158
0,77
0,51
19,0
64,0
55,0
19,0
16,0
21,2
11,8
7,18
54,56
19,21
143,67
44,65
0,32
2,47
86,109
51,36
21,16
81,33
22,0
17,0
26,6
73,48
20,8
134,92
19,4
17,0
1,70
13,12
209,0
41,42
11,17
12,10
11,13
2793,2192
11,9
12,5
28,30
16,6
18,9
32,24
29,30
143,69
11,13
11,9
10,12
30,18
61,74
11,7
10,21
16,6
20,18
17,2
5,17
14,9
22,18
15,8
13,9
22,15
7,13
39,16
16,18
9,12
24,28
41,36
44,43
14,8
105,37
19,8
11,6
18,33
46,24
11,8
17,0
36,0
22,0
0,75
0,30
0,17
0,38
0,17
17,0
18,1
18,0
2,51
2,46
23,0
48,16
46,0
102,0
47,0
2,53
0,184
73,43
59,4
0,19
33,39
113,1
24,23
13,10
147,209
18,31
100,265
86,179
9,13
41,94
95,5
315,199
114,82
17,13
273,1
694,1
43,0
26,26
5,18
408,0
18,0
22,0
267,0
18,0
131,145
2,102
0,22
13,12
6,11
1387,1371
18,3
11,8
11,13
8,9
8,13
16,20
8,12
17,26
14,24
10,6
24,23
8,12
58,46
83,59
96,74
0,91
0,19
0,40
33,0
0,51
0,38
0,566
0,198
0,19
45,6
22,0
73,61
8,12
38,9
19,0
16,10
15,7
29,28
18,11
0,71
100,20
46,53
20,8
27,28
19,32
12,6
84,40
38,10
239,135
46,13
17,1
26,0
59,16
13,6
32,17
17,6
13,8
30,18
12,10
14,11
29,0
105,95
34,99
15,9
46,45
31,31
86,99
47,44
37,37
10,17
126,94
39,41
39,45
161,164
13,9
30,46
16,5
16,194
0,21
8,15
6,80
1,92
0,57
7,10
6,61
1,27
2,448
0,20
0,20
15,31
21,7
28,0
20,0
18,6
10,8
24,27
353,306
10,13
43,50
20,10
18,12
18,24
109,86
10,12
17,3
26,20
37,27
578,303
10,8
16,4
9,9
161,273
1,30
0,34
5,12
14,3
9,12
1,51
0,447
0,23
0,24
1,90
2892,2384
0,21
7,10
18,18
0,19
17,27
17,0
17,6
32,15
0,16
11,12
0,25
28,26
22,27
11,8
16,10
0,19
11,7
8,9
9,34
18,8
6,11
7,19
18,0
16,8
12,8
10,7
11,5
1,26
12,5
18,0
70,50
16,11
10,7
20,0
18,0
19,0
15,4
21,5
171,135
95,57
26,23
14,7
40,28
221,161
22,16
102,73
12,10
12,5
105,109
16,8
29,27
10,15
43,29
14,7
94,80
460,232
29,13
198,137
27,45
32,1
28,43
30,7
79,52
305,194
9,7
10,7
13,6
29,24
27,24
15,11
17,10
17,4
17,0
45,3
39,15
45,14
22,7
60,57
14,4
455,239
12,9
29,0
13,3
106,50
76,64
504,417
12,7
117,97
86,103
19,17
289,254
24,17
18,2
13,10
21,0
13,130
83,124
38,44
9,13
33,41
46,29
147,107
604,440
9,8
12,5
35,71
13,8
29,10
819,589
19,1
13,7
25,27
35,59
238,149
19,3
10,8
46,24
38,45
408,11
246,0
147,0
16,5
6,15
0,23
8,9
101,73
42,0
24,0
3,190
0,57
15,10
9,12
2,1254
0,27
0,21
0,83
0,21
1,88
0,19
17,0
14,10
0,90
0,64
0,21
0,21
50,31
45,28
19,0
17,5
23,20
217,192
17,4
47,30
3,14
28,27
27,8
111,80
9,8
32,27
991,910
8,9
10,10
13,5
13,7
12,11
14,6
13,4
134,124
17,19
5,11
20,15
16,3
6,15
23,4
174,165
26,16
317,114
20,0
16,13
45,23
10,8
0,87
9,372
0,38
1,52
0,75
0,24
14,9
8,18
4,12
17,8
16,36
47,0
4,12
15,33
8,14
71,0
42,48
0,23
24,15
22,0
24,27
5,27
4,25
23,34
24,23
67,56
12,332
0,26
0,31
3,16
23,21
14,9
51,54
165,92
11,6
15,6
0,359
457,323
16,16
113,0
316,315
22,0
39,34
20,22
9,8
63,56
28,3
23,0
32,33
61,15
49,62
61,76
34,26
14,12
17,0
152,83
14,5
17,36
19,8
164,47
59,0
19,0
17,0
70,18
10,141
33,10
102,79
96,65
11,6
12,7
37,16
101,42
13,13
50,45
12,11
14,6
27,11
79,3
28,18
55,42
0,21
0,25
25,5
14,3
108,9
18,3
87,55
3,29
0,21
58,29
283,176
0,16
15,8
23,10
13,7
48,23
19,16
158,56
31,10
129,10
64,0
79,24
92,53
15,9
11,6
90,53
136,76
14,17
43,51
10,13
26,12
32,22
25,8
45,14
6,12
87,26
96,29
11,9
63,30
225,195
10,7
38,22
1,29
81,56
23,18
15,1
105,59
15,8
18,7
21,6
30,19
18,0
55,15
22,8
16,8
21,0
24,0
26,7
14,8
0,18
19,0
51,67
48,12
38,1
14,23
16,6
20,9
47,12
22,9
618,1340
8,12
2,15
15,32
5,23
5,11
0,18
15,24
2,15
8,23
15,25
195,230
5,13
60,21
93,6
20,0
27,0
22,0
16,3
68,53
34,14
15,16
13,6
137,82
22,6
0,48
0,18
0,35
21,18
34,20
8,10
0,73
30,0
21,2
46,42
18,10
9,9
18,2
34,28
37,12
40,40
26,21
63,40
14,91
0,78
19,26
17,7
18,0
62,45
66,32
20,7
32,6
16,17
50,26
413,380
17,42
11,11
102,99
14,3
96,0
35,19
108,2
4,20
20,9
12,5
57,15
17,0
102,5
47,5
28,18
21,0
974,962
0,30
15,18
16,6
3,163
0,42
7,10
0,98
21,6
81,61
62,0
0,32
63,2
36,0
15,7
33,23
6,13
11,10
62,48
129,68
99,43
36,0
10,8
20,1
20,1
15,10
76,0
19,7
146,106
13,27
15,10
29,4
21,0
15,3
47,63
26,14
11,8
20,42
9,7
106,32
71,37
150,87
22,4
58,124
18,31
15,2
115,76
9,8
13,12
39,0
22,0
0,803
0,762
0,20
28,17
12,13
6,13
25,5
17,15
14,11
65,60
132,118
18,4
16,2
16,9
30,5
12,4
26,11
9,13
80,41
14,6
256,0
42,14
15,5
23,27
308,112
23,6
55,38
14,15
26,1
12,16
184,55
23,4
116,70
101,84
386,394
11,12
0,85
14,8
18,0
92,51
38,6
17,0
46,34
83,55
123,134
0,26
16,8
0,22
13,9
75,36
11,10
25,13
12,6
29,11
177,270
8,10
15,26
2,16
59,59
17,19
27,23
16,2
21,3
24,4
46,7
29,38
13,6
301,1106
0,130
16,28
16,22
18,14
67,24
24,4
27,6
18,11
28,22
395,385
150,2
13,18
1,146
48,28
4,21
20,2
33,1
1,228
9,8
19,1
8,27
1,24
13,13
13,6
12,5
79,51
86,75
14,5
20,12
7,16
6,11
0,21
8,16
15,10
16,9
11,6
0,85
0,32
0,280
0,17
0,32
29,36
24,0
24,9
27,60
11,5
17,18
17,5
25,1
17,8
21,4
18,0
0,776
0,16
0,17
0,29
32,5
54,10
18,11
18,10
17,0
62,19
30,1
48,41
19,21
95,0
10,8
8,9
21,1
7,11
17,1
69,35
54,24
17,11
14,7
44,21
33,21
16,10
19,29
18,10
12,15
263,139
35,1
10,8
48,46
17,0
11,6
17,3
61,3
59,2
27,21
17,1
41,43
16,5
8,13
5,14
39,56
16,6
13,6
958,880
4,15
27,18
14,22
12,9
11,14
27,44
8,11
20,29
12,25
9,8
152,92
11,8
40,37
58,14
20,2
49,45
195,136
93,55
41,24
107,115
11,10
7,15
24,5
59,52
12,7
8,11
14,6
22,4
7,149
4,137
20,12
64,0
42,1
0,40
17,5
31,5
25,12
37,0
25,15
31,13
29,0
16,3
27,7
38,25
20,14
108,6
1349,1
17,0
20,0
20,0
17,0
60,50
28,19
93,50
87,64
108,5
60,135
9,18
6,17
0,70
0,70
309,242
15,10
13,11
0,63
14,4
80,180
360,367
28,32
15,29
20,36
11,18
9,11
24,7
13,18
12,7
221,171
119,73
27,32
91,102
4,19
14,4
32,18
0,17
306,178
27,22
12,5
9,9
12,12
18,3
56,81
42,11
17,0
16,0
40,206
4,99
2,99
22,18
113,10
29,11
3,110
440,360
20,31
14,10
12,14
14,18
63,0
11,5
29,1
55,48
49,24
103,998
45,493
1,27
0,26
59,20
12,10
36,16
13,6
55,51
34,12
14,2
14,11
13,6
18,13
29,28
12,6
65,23
48,18
40,24
168,111
67,58
324,228
56,32
45,26
22,14
14,11
68,75
23,25
181,323
12,5
92,193
3,25
22,27
24,16
10,8
14,17
54,40
7,12
10,9
52,54
7,17
15,15
18,0
10,14
27,3
37,14
12,5
20,17
34,156
0,52
15,410
26,15
61,28
21,15
22,6
19,6
13,7
31,9
13,8
317,222
11,15
26,17
24,24
19,18
11,171
2,169
90,37
37,12
37,8
16,19
12,7
12,19
15,11
187,41
70,2
18,0
22,0
2,40
0,19
18,5
16,0
15,8
44,25
23,20
10,10
4,13
10,12
277,204
11,9
19,1
176,124
26,14
59,43
18,8
18,3
16,16
40,7
32,12
93,19
16,4
24,7
18,6
72,4
25,11
12,10
18,1
86,45
8,8
8,11
18,14
24,6
14,4
15,13
22,12
11,9
32,16
18,23
11,9
9,48
56,2
33,0
13,27
22,33
4,12
7,13
18,8
19,12
25,20
11,6
39,19
18,6
10,6
35,77
28,17
10,6
24,0
40,52
18,18
11,10
26,5
9,9
32,27
10,11
1,22
9,20
52,34
21,8
28,27
10,16
15,11
54,23
147,2
132,54
23,1
36,19
198,0
23,2
46,31
24,13
366,336
8,10
12,10
11,14
32,21
0,175
0,165
40,38
55,40
16,6
217,76
10,8
43,38
0,70
0,30
2,18
206,46
20,5
16,2
30,2
32,12
28,0
7,12
22,0
10,28
15,22
17,22
22,33
69,49
21,11
21,14
68,55
9,9
33,5
31,0
22,13
24,13
34,5
23,12
36,4
70,4
9,10
47,14
0,30
46,35
24,25
29,15
84,40
17,0
197,284
7,11
1,16
122,144
57,37
357,142
49,16
30,6
22,10
23,16
32,18
78,24
62,48
73,67
10,17
10,12
1324,910
19,10
9,7
18,29
23,17
26,21
8,10
49,37
10,8
13,9
21,10
13,5
6,12
62,40
27,30
19,12
13,11
13,8
29,6
10,17
24,32
262,243
15,12
8,8
26,13
9,399
0,18
7,85
2,148
47,10
48,20
12,15
33,18
60,39
153,131
14,7
18,13
13,5
43,47
18,32
14,10
3,57
0,28
0,24
40,18
21,7
16,1
20,1
111,108
1,16
19,169
4,19
24,30
13,8
17,2
5,12
125,48
8,10
13,5
12,14
21,23
12,10
24,0
17,7
17,7
14,8
18,14
10,7
26,15
45,26
23,17
15,20
13,11
63,22
14,3
11,7
15,8
15,7
61,58
25,9
146,104
13,9
30,23
81,123
17,6
6,19
53,66
6,11
32,15
11,8
15,6
25,13
27,7
9,9
24,15
11,8
9,21
24,10
6,25
19,4
316,226
20,2
37,15
22,6
9,10
17,13
36,18
15,10
31,10
21,5
4,17
8,9
12,5
26,35
43,500
6,477
0,256
17,8
11,11
13,22
26,17
10,10
15,10
16,2
30,0
33,0
7,10
14,10
32,13
20,9
12,12
4,13
15,15
22,28
6,547
0,19
0,16
16,5
16,11
17,11
20,11
18,0
28,26
55,20
10,8
12,10
40,259
33,4
12,5
18,2
30,15
62,45
25,6
13,5
7,9
52,27
26,17
136,80
11,7
5,12
63,36
7,16
19,6
94,219
0,106
16,17
18,24
19,11
0,100
27,25
31,32
10,9
13,24
14,201
2,169
8,14
85,30
16,6
23,1
18,1
97,39
29,27
132,56
24,0
16,0
0,96
1,871
0,36
0,16
0,25
0,45
0,37
14,12
33,1
11,16
14,8
48,12
6,11
481,331
14,13
283,0
1,41
13,14
1,51
0,49
14,8
10,9
13,5
17,268
3,198
8,17
35,22
26,16
1,15
55,0
15,17
33,11
86,0
12,215
0,26
131,98
21,7
24,13
37,0
26,25
26,20
198,0
18,0
165,0
28,0
124,72
20,3
8,63
1,86
0,115
0,51
27,14
22,13
21,22
9,8
13,5
9,20
9,8
10,31
21,39
19,0
103,104
37,13
6,42
155,116
12,4
71,44
16,14
18,0
19,3
0,27
56,35
59,50
42,26
21,9
15,7
15,3
17,19
5,139
0,22
38,50
64,60
15,13
43,47
7,10
20,21
8,167
355,327
18,19
20,15
1,18
16,2
4,48
21,0
30,0
28,13
0,45
13,10
7,15
28,0
10,21
126,142
0,17
24,31
36,31
233,237
674,553
9,12
13,12
12,7
161,146
22,30
37,24
10,7
19,15
12,8
30,12
365,431
6,13
56,35
22,3
14,6
52,44
141,25
139,24
153,15
52,5
18,0
40,2
30,9
25,3
10,9
35,35
27,0
87,0
10,12
14,18
130,89
14,14
13,5
62,58
9,8
54,44
21,30
1298,377
0,38
23,0
37,0
18,0
130,25
22,3
22,8
17,0
32,2
63,0
68,11
18,17
264,172
16,0
20,5
14,11
11,13
34,58
9,14
96,16
62,0
18,14
77,24
20,7
172,166
19,17
14,16
32,25
534,408
33,6
5,12
5,15
20,24
89,58
6,13
21,22
13,13
20,2
1,132
8,68
65,31
11,17
17,15
68,7
18,0
24,0
264,215
3,16
11,89
24,4
52,34
22,6
37,16
42,24
14,4
0,58
0,18
25,4
18,564
2,226
1,152
39,16
7,14
1,30
13,4
25,0
1317,557
17,6
28,6
19,10
17,8
11,7
17,5
101,36
27,12
24,19
5,20
71,32
22,14
17,0
12,6
283,202
16,2
61,42
9,14
13,9
172,39
14,7
40,2
16,7
31,4
18,52
21,10
31,17
14,9
149,87
36,8
31,10
148,0
8,10
8,14
0,18
53,35
15,8
36,18
976,315
17,0
14,3
89,41
31,10
76,62
0,27
14,44
0,17
15,33
33,37
15,18
22,7
124,123
5,21
19,0
15,12
1,27
136,110
9,9
18,8
50,51
15,5
63,38
17,15
8,11
59,74
68,67
126,52
26,19
79,3
7,11
36,12
19,0
7,11
0,151
11,40
0,33
23,7
39,21
20,5
24,20
17,8
14,5
4,12
53,13
7,10
130,127
8,17
66,48
78,79
27,3
16,5
24,5
14,4
114,76
19,2
21,7
498,0
26,63
39,22
40,27
2,879
0,21
0,88
14,3
48,21
127,45
54,30
7,9
23,47
11,16
63,14
52,26
17,10
18,4
0,20
27,31
5,652
0,62
0,32
17,28
20,20
13,5
9,7
28,26
24,5
14,2
43,20
34,23
103,87
31,18
29,9
15,17
8,10
12,7
15,14
0,175
34,0
20,1
59,15
96,22
13,6
19,0
24,0
13,7
16,15
19,38
39,31
4,332
0,19
45,12
18,4
35,24
47,39
74,111
67,37
75,50
19,0
95,96
150,94
16,15
118,128
5,13
32,24
10,9
25,35
61,33
11,6
630,168
22,20
14,7
34,7
16,13
10,13
10,8
5,16
44,28
55,37
20,8
86,114
3,25
15,6
6,21
170,75
17,0
66,27
75,43
58,35
15,4
11,22
51,22
63,38
0,27
39,23
14,3
48,31
29,7
34,25
19,0
32,24
15,6
24,19
497,0
33,0
18,0
16,3
86,59
90,50
13,7
28,0
34,20
31,11
21,13
35,11
4,107
0,26
4,118
7,10
293,95
19,0
25,0
40,19
34,13
11,8
21,0
10,7
142,74
17,2
44,24
28,33
3599,2976
0,71
113,0
17,0
3192,15
80,2107
33,569
26,0
0,23
601,0
23,0
21,0
18,0
37,0
20,0
0,38
0,22
14,4
44,9
192,10
353,332
1,16
17,10
313,154
77,21
89,66
363,1
274,0
1,118
0,21
106,60
27,25
18,13
151,19
11,7
22,20
65,62
12,14
17,4
26,10
16,0
48,28
77,6
31,20
14,10
9,15
21,4
16,13
137,129
35,44
6,13
29,21
16,0
40,40
11,27
0,16
3,59
0,70
583,790
26,17
7,11
11,11
12,15
8,8
7,16
60,33
23,22
58,25
162,26
93,1
7,10
21,9
21,7
28,13
12,7
26,51
12,8
23,122
14,3
75,112
21,35
11,19
10,9
26,12
26,20
35,47
23,15
57,20
20,40
28,11
15,10
14,4
204,191
19,19
83,57
105,122
104,64
28,12
10,7
46,28
27,0
12,5
19,10
18,28
35,15
14,17
32,20
17,12
14,4
20,8
74,66
4,25
19,9
7,12
15,17
20,23
21,9
28,29
13,23
14,10
16,5
19,25
72,0
14,11
20,19
21,17
124,90
27,5
16,3
12,11
55,43
23,4
35,17
120,72
17,9
0,18
2,20
19,0
368,218
32,20
29,16
40,20
81,42
12,9
20,3
16,7
23,31
11,36
16,10
20,8
6,11
7,180
23,9
21,5
6,14
17,19
20,18
15,8
16,7
21,0
12,16
34,0
31,10
10,15
35,10
7,10
86,61
105,78
11,20
198,125
38,13
127,99
7,13
0,30
27,0
19,26
0,34
29,0
26,18
3,16
28,13
0,86
16,13
29,32
12,8
1,314
23,28
17,20
14,26
115,48
24,33
81,25
25,9
31,35
10,17
21,0
10,7
175,39
7,10
21,16
58,7
297,253
15,14
63,61
10,107
49,0
29,19
24,0
42,5
25,17
80,69
26,1
16,0
16,0
83,37
12,9
19,8
25,12
14,8
33,25
23,33
2,70
74,89
173,192
20,34
9,17
22,21
8,32
7,9
5,12
143,87
20,17
21,5
96,113
0,26
0,20
898,625
13,4
21,12
50,29
17,10
17,27
86,61
1412,1316
11,18
8,19
7,16
12,13
17,7
13,10
14,15
12,11
19,15
16,5
0,19
19,12
0,17
19,19
178,170
10,15
12,11
609,463
11,7
11,6
10,7
13,5
12,4
105,75
34,50
5,12
0,190
0,36
59,19
63,51
15,7
20,1
19,22
8,35
1,22
44,44
15,12
20,24
33,115
0,43
12,13
7,17
16,7
17,7
19,12
22,0
14,4
1892,1025
14,16
11,5
21,5
29,15
14,13
18,13
11,7
7,14
13,8
65,4
13,13
20,10
70,10
24,1
17,14
20,4
15,5
260,66
89,46
5,13
22,12
12,14
23,13
149,89
0,17
19,28
17,26
14,16
1,152
34,0
1578,0
147,0
94,0
36,0
20,0
28,0
17,0
38,0
21,0
22,0
19,0
188,91
120,159
80,3
37,0
30,14
34,48
53,14
40,16
154,135
13,5
17,7
44,32
9,14
40,14
6,16
51,0
17,12
6,13
823,1
28,0
20,0
18,0
71,0
40,26
84,37
39,15
19,11
14,6
9,15
9,13
0,47
2,19
61,35
6,13
23,75
0,38
13,15
22,8
7,23
10,16
44,74
9,66
26,87
36,153
17,6
27,0
8,18
16,3
15,4
20,5
22,1
38,1
11,9
32,12
14,4
108,1
21,0
21,0
24,19
19,7
9,21
150,43
32,9
33,18
38,19
18,15
28,3
4212,16
26,0
22,0
22,0
29,0
21,0
66,0
18,0
55,0
52,0
162,3
21,0
24,0
32,0
27,0
54,0
36,0
17,0
32,0
73,0
64,0
20,0
25,0
27,0
91,0
16,0
21,0
164,0
22,0
19,1
47,0
33,0
20,0
99,0
17,0
51,0
54,0
52,0
34,0
33,11
18,0
36,0
18,23
128,97
6,11
67,0
2,18
24,732
0,25
71,9
0,24
0,24
24,5
127,0
5,20
1,659
0,18
0,29
0,16
0,56
0,18
0,18
0,34
0,82
1,36
31,11
0,168
51,26
141,180
64,63
34,39
12,11
58,37
187,164
270,218
9,10
21,2
12,4
164,199
0,36
95,112
0,24
27,55
48,0
111,0
287,160
28,45
9,23
22,18
8,11
7,30
21,24
8,10
35,28
111,86
23,8
10,7
23,0
21,4
51,0
29,13
18,28
37,49
0,56
0,34
23,11
11,26
31,5
24,13
238,158
12,4
40,35
7,16
45,19
29,1
28,0
10,9
33,33
4,755
0,18
0,60
0,50
0,378
0,32
0,26
0,24
179,6
37,0
29,6
56,39
10,53
0,24
44,8
32,3
19,0
502,285
10,6
24,48
0,33
49,36
32,30
14,12
19,9
23,38
14,31
10,9
17,7
28,22
28,17
13,6
9,10
8,15
38,0
19,22
2,14
209,97
23,2
303,285
2,48
242,205
19,10
12,12
15,87
3,19
142,155
0,21
15,3
32,9
88,39
27,0
0,781
0,20
0,25
13,20
17,12
11,14
65,23
19,1
22,6
58,29
21,0
26,18
5,16
0,27
148,146
13,7
62,7
14,7
32,31
25,6
43,0
11,10
18,10
13,26
166,185
15,30
6,10
147,588
45,493
14,10
55,27
71,41
10,13
20,0
18,1
18,1
3,18
1,21
9,11
59,69
10,7
0,49
0,48
27,8
16,5
32,3
16,8
28,6
49,43
37,18
18,8
44,0
35,31
9,12
13,11
104,101
13,6
0,22
23,0
18,16
237,0
24,0
44,3
21,0
920,1
20,0
28,0
34,0
16,0
20,0
17,3
28,16
336,0
36,0
107,55
47,25
17,8
25,43
7,14
0,25
27,24
33,11
8,8
1,763
0,38
0,42
0,18
0,19
22,0
26,52
654,689
23,46
9,18
9,12
7,9
23,29
261,300
10,12
29,20
15,6
46,59
437,3062
0,37
1,29
0,30
2,41
12,103
5,52
0,32
2,70
0,26
2,31
5,15
0,19
6,180
0,26
1,36
1,24
0,26
2,47
8,10
2,45
3,21
0,23
0,17
2,98
21,6
26,11
262,2
20,0
23,0
34,1
28,1
52,25
43,835
1,38
111,72
269,198
14,4
9,9
20,8
17,8
1017,665
0,39
64,0
33,22
17,26
15,16
8,9
23,9
63,47
16,9
31,0
21,0
19,0
573,286
0,22
18,0
58,14
11,16
13,9
16,1
46,34
33,0
27,0
897,402
0,42
70,0
18,0
55,18
5,15
11,8
25,2
19,5
66,25
54,0
37,0
38,0
36,26
17,11
917,686
6,11
10,9
9,8
9,13
31,18
32,24
6,11
14,8
75,100
0,18
23,20
55,30
44,16
16,7
2,169
2,169
27,31
17,6
1,32
151,50
14,4
16,10
20,1
11,11
13,22
120,92
44,21
209,157
54,38
93,0
22,0
28,4
10,17
20,0
15,17
11,9
18,0
11,15
81,58
23,21
10,10
9,178
2,16
80,51
74,36
20,1
20,1
45,6
24,4
33,10
37,3
26,0
1,37
42,29
54,83
10,7
30,22
0,131
26,87
0,21
43,0
13,14
8,9
15,19
8,12
22,52
158,66
12,11
13,4
22,1
172,62
28,12
136,95
128,66
30,24
45,15
163,182
0,17
112,73
26,18
13,6
419,0
386,205
59,39
133,53
39,28
344,241
5,20
7,10
70,21
53,1
12,7
24,15
23,19
62,45
136,76
17,0
100,92
13,22
14,16
160,133
40,20
17,0
15,5
43,5
37,0
77,69
216,45
28,11
148,128
119,65
247,169
11,8
41,32
23,11
272,317
22,1
5,88
1,16
43,0
17,13
40,0
0,40
80,49
674,429
93,37
22,0
28,15
76,65
130,85
19,34
171,106
9,10
68,18
31,0
0,414
78,134
43,44
0,40
13,6
71,88
197,191
15,8
131,106
30,9
19,0
19,0
33,8
